  3.448275862069e+000  1.825741844175e-001
  6.896551724138e+000  1.825741839073e-001
  1.034482758621e+001  1.825741850646e-001
  1.379310344828e+001  1.825741854173e-001
  1.724137931034e+001  1.825741855722e-001
  2.068965517241e+001  1.825741856542e-001
  2.413793103448e+001  1.825741857029e-001
  2.758620689655e+001  1.825741857342e-001
  3.103448275862e+001  1.825741857556e-001
  3.448275862069e+001  1.825741857708e-001
  3.793103448276e+001  1.825741857820e-001
  4.137931034483e+001  1.825741857905e-001
  4.482758620690e+001  1.825741857972e-001
  4.827586206897e+001  1.825741858024e-001
  5.172413793103e+001  1.825741858066e-001
  5.517241379310e+001  1.825741858101e-001
  5.862068965517e+001  1.825741858129e-001
  6.206896551724e+001  1.825741858153e-001
  6.551724137931e+001  1.825741858174e-001
  6.896551724138e+001  1.825741858191e-001
  7.241379310345e+001  1.825741858206e-001
  7.586206896552e+001  1.825741858219e-001
  7.931034482759e+001  1.825741858230e-001
  8.275862068966e+001  1.825741858240e-001
  8.620689655172e+001  1.825741858248e-001
  8.965517241379e+001  1.825741858256e-001
  9.310344827586e+001  1.825741858263e-001
  9.655172413793e+001  1.825741858269e-001
  1.000000000000e+002  1.825741858275e-001
  1.034482758621e+002  1.825741858314e-001
 