  3.448275862069e+001  1.825741858351e-001
  6.896551724138e+001  1.825741858351e-001
  1.034482758621e+002  1.825741858351e-001
  1.379310344828e+002  1.825741858351e-001
  1.724137931034e+002  1.825741858351e-001
  2.068965517241e+002  1.825741858351e-001
  2.413793103448e+002  1.825741858351e-001
  2.758620689655e+002  1.825741858351e-001
  3.103448275862e+002  1.825741858351e-001
  3.448275862069e+002  1.825741858351e-001
  3.793103448276e+002  1.825741858351e-001
  4.137931034483e+002  1.825741858351e-001
  4.482758620690e+002  1.825741858351e-001
  4.827586206897e+002  1.825741858351e-001
  5.172413793103e+002  1.825741858351e-001
  5.517241379310e+002  1.825741858351e-001
  5.862068965517e+002  1.825741858351e-001
  6.206896551724e+002  1.825741858351e-001
  6.551724137931e+002  1.825741858351e-001
  6.896551724138e+002  1.825741858351e-001
  7.241379310345e+002  1.825741858351e-001
  7.586206896552e+002  1.825741858351e-001
  7.931034482759e+002  1.825741858351e-001
  8.275862068966e+002  1.825741858351e-001
  8.620689655172e+002  1.825741858351e-001
  8.965517241379e+002  1.825741858351e-001
  9.310344827586e+002  1.825741858351e-001
  9.655172413793e+002  1.825741858351e-001
  1.000000000000e+003  1.825741858351e-001
  1.034482758621e+003  1.825741858351e-001
